 -76.86571,   -71.22854,     5.63716
 -79.89998,   -59.36614,    20.53384
 -90.62504,   -39.46172,    51.16332
 -76.86571,   -71.22854,     5.63716
 -69.89873,   -61.51947,     8.37927
 175.60453,    16.45860,  -159.14592
 160.48257,    47.28683,  -113.19573
 110.46962,    45.71696,   -64.75266
 149.36949,    28.18441,  -121.18509
 439.27952,     0.00007,  -439.27945
 109.86265,    50.46435,   -59.39830
-106.31989,    -0.00174,   106.31816
 163.72977,    15.82827,  -147.90151
 159.76689,    31.30971,  -128.45718
 -90.29847,   -47.27898,    43.01950
 -89.82156,   -46.91465,    42.90691
 -87.45460,   -47.08599,    40.36860
-131.32366,    -0.22212,   131.10154
-132.27182,    -0.23354,   132.03828
 291.42895,     0.28691,  -291.14204
  22.35223,    -3.54908,   -25.90130
 -31.68742,   -34.88929,    -3.20187
  99.57723,    34.95181,   -64.62541
 -31.43378,   -14.60003,    16.83375
-114.35131,   -25.44274,    88.90857
  42.51333,    44.10906,     1.59573
  52.69745,    11.18496,   -41.51249
 140.89962,    56.57135,   -84.32827
  53.31739,    21.57406,   -31.74333
  39.20076,    20.48057,   -18.72019
  24.19746,    18.59320,    -5.60427
   8.89296,    14.19913,     5.30617
 -31.43315,   -14.60003,    16.83312
  33.57613,    20.98611,   -12.59002
  18.34567,    20.97720,     2.63153
   3.00164,    16.97570,    13.97406
  -2.11847,    16.29030,    18.40877
  -3.43086,    12.76177,    16.19263
  34.62840,    46.81077,    12.18238
  23.84035,    27.73374,     3.89339
  55.95852,     5.16077,   -50.79775
  67.50722,    41.51887,   -25.98836
  55.86352,    41.66831,   -14.19521
  50.91346,    34.79720,   -16.11626
  72.24044,    31.28237,   -40.95807
 158.73803,    28.25441,  -130.48362
  31.89064,    17.24370,   -14.64693
  21.86035,    11.02828,   -10.83207
  19.66407,    10.45054,    -9.21353
  18.34881,     9.95322,    -8.39558
   6.33057,     5.91402,    -0.41655
  15.22364,     8.61667,    -6.60697
  14.79128,     8.56762,    -6.22367
  18.36047,    12.64634,    -5.71413
  15.28567,    11.91513,    -3.37055
  15.79646,    12.10425,    -3.69221
  29.57291,    51.08235,    21.50944
  96.53791,    58.02817,   -38.50974
 122.64705,    20.62204,  -102.02501
  46.17425,    27.21122,   -18.96303
  50.59120,    30.38030,   -20.21090
  30.07042,    15.72991,   -14.34051
  37.64311,    13.47067,   -24.17245
  37.75105,    13.50479,   -24.24626
  33.57927,    20.98611,   -12.59316
   8.91681,    14.20188,     5.28508
 -72.01842,   -28.17041,    43.84801
-114.35131,   -25.44274,    88.90857
  18.31806,    20.97720,     2.65914
 -65.53579,   -42.73216,    22.80364
 -83.58987,   -33.77415,    49.81572
   3.00164,    16.97570,    13.97406
 -36.62982,    -6.94048,    29.68934
 -41.81268,    -0.75587,    41.05681
  56.54323,    33.05978,   -23.48345
 -62.44591,   -27.97876,    34.46716
 -15.43757,   -24.37454,    -8.93696
 -20.59282,   -15.77926,     4.81356
 -43.39762,   -36.56110,     6.83652
 -52.23007,     5.65389,    57.88396
 -64.29349,    -8.40069,    55.89280
-106.51970,    -8.75870,    97.76100
  39.57575,    11.91189,   -27.66387
 -78.80679,    -7.43954,    71.36726
  34.65789,    46.80887,    12.15098
  -9.40943,    36.84037,    46.24980
 -48.62046,    20.83195,    69.45241
  36.71460,    40.22079,     3.50619
  23.84035,    27.73374,     3.89339
   6.41666,    33.28689,    26.87023
  58.18888,     2.35976,   -55.82912
  54.14253,    10.30543,   -43.83710
  58.56019,    10.56491,   -47.99528
 148.74936,     0.00000,  -148.74936
 148.90565,     0.00003,  -148.90563
  -8.08869,   -10.20059,    -2.11190
  26.62236,    18.52985,    -8.09252
   8.25452,     8.26676,     0.01224
 -25.79273,   -15.75070,    10.04203
 -37.14438,   -21.27812,    15.86626
  18.21648,    20.55161,     2.33513
  33.46017,    13.99204,   -19.46813
  11.41599,     7.38111,    -4.03488
 -39.06545,   -25.29557,    13.76988
 -39.04098,   -25.29553,    13.74545
   4.67564,     2.75781,    -1.91784
  28.79166,    51.34915,    22.55749
  26.68933,    34.80817,     8.11884
  54.81873,    54.84864,     0.02991
  23.46635,    43.58568,    20.11933
  24.29278,    46.25609,    21.96331
  43.97467,    37.03828,    -6.93639
 124.98902,    12.26018,  -112.72883
 201.25567,     0.48693,  -200.76874
  48.52329,     2.22560,   -46.29769
  71.40354,     2.44789,   -68.95565
  63.51791,    15.06979,   -48.44811
  36.53491,    49.17193,    12.63702
  27.24195,    40.56878,    13.32682
  63.12859,    13.84887,   -49.27972
  63.02256,    16.00161,   -47.02094
  61.49691,    18.00312,   -43.49379
  60.32535,    17.85851,   -42.46684
  61.15412,    21.80473,   -39.34938
  68.89399,    21.19592,   -47.69807
  55.14123,    15.80608,   -39.33515
  56.52255,    21.42780,   -35.09475
  60.30115,    12.80966,   -47.49149
  91.75777,    36.74874,   -55.00903
 175.26413,    12.35872,  -162.90541
 119.71699,    42.10136,   -77.61563
  48.25934,    18.53095,   -29.72839
  82.46343,    70.27064,   -12.19279
  77.46316,    55.87035,   -21.59281
  83.51377,    48.65573,   -34.85804
  79.01740,    31.32281,   -47.69459
 154.19414,     0.06159,  -154.13256
 157.22286,     0.03197,  -157.19089
 157.69009,     0.01151,  -157.67858
 173.14274,     0.10900,  -173.03374
 142.48731,    67.06675,   -75.42056
 114.82355,    86.36855,   -28.45500
  97.61097,    78.14810,   -19.46287
 392.57560,     0.00176,  -392.57384
 377.53687,     0.00305,  -377.53382
  80.62814,    90.17975,     9.55160
 347.60390,     0.04472,  -347.55918
 114.82355,    86.36855,   -28.45500
 101.66308,    60.00444,   -41.65865
 145.20592,    41.55505,  -103.65087
 166.86584,    28.79941,  -138.06643
 206.23399,    21.02652,  -185.20747
  89.90426,    67.98539,   -21.91887
  88.06785,    32.76381,   -55.30404
  68.57788,    66.35380,    -2.22408
  69.71246,    27.40573,   -42.30673
 -22.42067,   -45.55770,   -23.13703
 -22.42067,   -45.55770,   -23.13703
 -97.44181,   -46.82905,    50.61276
 -64.16514,   -43.09363,    21.07151
 -83.56187,   -52.80460,    30.75726
  51.41570,    34.49267,   -16.92303
  95.06185,    19.93059,   -75.13126
  66.30346,     7.17689,   -59.12658
 -26.29152,    -7.68975,    18.60176
-289.80879,    -0.00008,   289.80870
-288.97408,    -0.00013,   288.97396
-313.23592,    -0.00043,   313.23549
 101.47834,    45.56071,   -55.91763
 101.09179,    45.82035,   -55.27145
 -24.21530,     0.34385,    24.55916
 120.96930,     0.14679,  -120.82251
 122.53933,     0.16102,  -122.37831
 136.78809,     0.42633,  -136.36176
 285.09205,     0.00008,  -285.09197
 284.09368,     0.00008,  -284.09360
   2.96774,    26.46188,    23.49414
  29.99977,    52.70000,    22.70024
 -48.62929,     0.16106,    48.79035
  -3.79967,    20.93895,    24.73862
-106.49925,    -1.75452,   104.74474
-223.77280,    -0.00069,   223.77211
-137.35154,   -16.78276,   120.56878
-121.69382,     0.00000,   121.69383
 -90.92278,   -41.76105,    49.16173
-301.15710,    -0.00004,   301.15706
-104.08108,    -4.12182,    99.95926
  24.19942,    24.56268,     0.36326
  66.75620,    47.66376,   -19.09244
 -70.04995,    -8.19496,    61.85500
 -70.08572,    -8.15908,    61.92664
 -72.35508,     2.17078,    74.52586
 -70.22064,    -8.16315,    62.05748
 -71.31233,    -3.72979,    67.58254
 -71.33931,    -3.73528,    67.60403
-148.88163,    -0.00983,   148.87180
-151.64546,     0.00639,   151.65185
  39.35947,     0.26294,   -39.09652
  82.06193,     0.94606,   -81.11587
  88.95763,     0.98870,   -87.96893
  27.50370,     0.00002,   -27.50368
 -82.79042,   -44.82055,    37.96987
 -74.84240,     0.15386,    74.99626
  41.34467,    16.34748,   -24.99720
 -50.17447,     1.24088,    51.41535
-163.32106,   -18.14321,   145.17785
-155.04109,    -0.17680,   154.86428
 -57.00792,    -5.49254,    51.51538
 -97.57257,   -43.16294,    54.40963
 -74.98645,   -42.70035,    32.28609
 -46.62273,     1.17643,    47.79916
 -90.06102,   -35.86954,    54.19148
 -67.25527,   -28.85240,    38.40286
 -55.54834,    -5.86709,    49.68124
 -96.61750,   -42.76895,    53.84855
 -77.55861,   -44.17431,    33.38430
-141.44923,    -3.08794,   138.36129
-150.69648,    -2.80208,   147.89440
 -30.20819,     4.02072,    34.22890
-160.38334,    -1.50444,   158.87890
-126.50202,    -3.59926,   122.90276
 -50.57364,     2.60818,    53.18183
  79.42332,    10.72657,   -68.69675
 136.34483,    41.03745,   -95.30738
 210.56636,     6.48502,  -204.08134
 141.18336,    54.93049,   -86.25287
   6.60504,    28.73867,    22.13363
  12.86759,     3.30250,    -9.56509
  61.88739,    52.64521,    -9.24218
  45.92374,    47.31236,     1.38862
 102.47248,     0.47422,  -101.99826
  38.21584,    36.64196,    -1.57388
  42.71760,    38.66705,    -4.05054
  48.66199,    46.73863,    -1.92337
 103.89520,    10.15562,   -93.73959
  44.63939,    36.71677,    -7.92262
-115.27911,   -34.01629,    81.26282
 -53.22171,   -79.93113,   -26.70942
 -54.33725,   -59.99722,    -5.65997
-179.99697,    -3.79114,   176.20583
-204.70145,    -0.20108,   204.50038
-180.84087,     0.00215,   180.84302
-243.08520,    -0.00025,   243.08495
 -82.40289,   -27.38358,    55.01931
 -54.10266,   -16.15982,    37.94284
  94.79876,     2.29838,   -92.50039
 124.92825,     1.21804,  -123.71021
  91.07849,     1.84942,   -89.22908
  81.92753,     1.73582,   -80.19171
  87.37629,     0.73881,   -86.63748
  99.27000,     4.84864,   -94.42136
 104.46704,     4.73243,   -99.73461
  82.84937,     6.97054,   -75.87883
 -83.52175,    -3.35029,    80.17147
  63.59932,     6.40687,   -57.19244
 147.62432,     3.61206,  -144.01226
 345.06808,     0.00570,  -345.06238
-107.49107,    -1.05149,   106.43958
 -32.42161,   -26.25064,     6.17097
 -41.80968,   -48.39956,    -6.58988
 -79.33964,    -9.70660,    69.63304
 118.37964,    58.70177,   -59.67787
  67.06406,    57.22932,    -9.83475
 -51.02015,   -47.34425,     3.67590
 -68.03223,   -47.54578,    20.48644
 -79.89998,   -59.36614,    20.53384
 -62.51307,   -41.55289,    20.96018
 -70.13507,   -35.97986,    34.15520
  55.98790,    75.48199,    19.49409
  52.86264,    73.46489,    20.60225
  74.52874,    70.86374,    -3.66501
 223.76273,     9.72765,  -214.03507
 184.94236,    20.32158,  -164.62078
 101.98992,    49.11742,   -52.87249
 109.73411,    28.86868,   -80.86543
 236.75868,     1.21874,  -235.53993
  81.84228,     8.30041,   -73.54187
  55.22779,    43.21902,   -12.00877
 118.61392,    42.16714,   -76.44678
 138.96109,    44.66910,   -94.29199
 122.97617,    59.55764,   -63.41854
 194.91063,     8.90922,  -186.00141
 157.14661,    39.15464,  -117.99196
 184.16896,     7.93806,  -176.23091
 149.37311,     0.50152,  -148.87160
  32.25809,     0.00315,   -32.25494
  81.34001,    70.54182,   -10.79819
  79.73081,    80.05101,     0.32020
  75.10606,    77.69923,     2.59316
 171.03105,    20.87722,  -150.15383
 149.13420,    24.35187,  -124.78233
 148.38845,    18.46547,  -129.92298
 304.89183,     0.00377,  -304.88806
 210.45647,     3.80616,  -206.65031
 560.18768,     0.00000,  -560.18768
  80.08814,    54.88911,   -25.19903
  87.82953,    66.08313,   -21.74640
 158.99775,    53.77351,  -105.22424
 127.71267,     0.18725,  -127.52542
  99.36789,    26.64250,   -72.72538
  83.33422,    55.12514,   -28.20908
  68.76338,    23.74686,   -45.01652
 141.45837,    53.16000,   -88.29837
 132.07479,    44.38962,   -87.68516
 132.07479,    44.38962,   -87.68516
 325.58539,     0.20698,  -325.37842
 143.85764,    19.20692,  -124.65072
 171.32507,     2.72841,  -168.59666
  73.19642,    61.38204,   -11.81438
 218.78212,     4.05178,  -214.73034
 217.86910,     4.21642,  -213.65268
 194.61916,    17.58288,  -177.03629
  34.19198,    54.01961,    19.82762
 123.79843,    80.62884,   -43.16959
 219.66720,     0.18748,  -219.47972
 -83.53424,   -12.74409,    70.79015
 -86.00223,   -12.88023,    73.12200
 -83.65849,   -12.93320,    70.72529
 -80.20028,   -13.41510,    66.78519
 -83.60076,   -13.03989,    70.56087
 -84.27909,   -13.04693,    71.23217
 -91.28101,   -43.22017,    48.06084
 -26.74687,   -38.20215,   -11.45528
 -52.87428,    -0.50561,    52.36867
  -6.91750,   -22.73115,   -15.81365
  45.23756,    11.48878,   -33.74878
   3.34103,    15.49961,    12.15858
 -33.03976,   -32.16115,     0.87862
 -44.63542,   -43.46884,     1.16657
  62.73992,    29.29949,   -33.44043
 222.48583,     0.11197,  -222.37385
 109.86265,    50.46590,   -59.39675
 152.36677,    28.29524,  -124.07153
 167.40332,    26.89442,  -140.50890
  92.30090,    48.02546,   -44.27544
 113.73341,    50.65475,   -63.07866
 121.49902,    45.65052,   -75.84850
 117.36158,    26.58364,   -90.77795
 131.58076,    27.39065,  -104.19011
 198.54596,     8.88452,  -189.66144
 265.69314,     0.58012,  -265.11303
 122.33218,    40.33554,   -81.99664
 118.60577,    23.37759,   -95.22818
 157.11566,    31.79656,  -125.31911
 131.79331,    33.47801,   -98.31530
 144.57434,     9.74594,  -134.82839
  85.93591,    10.92732,   -75.00859
 115.33194,     2.55605,  -112.77589
 139.50045,    26.60903,  -112.89143
 233.65284,    12.17614,  -221.47670
 162.01260,     9.31701,  -152.69559
 209.14811,     2.16415,  -206.98396
  99.89447,    96.35606,    -3.53842
 180.40685,     0.92842,  -179.47843
 216.18604,     0.62536,  -215.56068
 176.43006,     0.77739,  -175.65267
 210.04810,     0.45282,  -209.59528
 137.22351,    40.61138,   -96.61213
 105.51920,    41.18902,   -64.33018
 110.55668,    43.35472,   -67.20195
 104.04788,    29.49784,   -74.55004
 131.75933,    36.42389,   -95.33544
 129.12944,    36.46635,   -92.66309
 207.45610,     7.49591,  -199.96019
 249.09449,     6.92948,  -242.16502
  72.37443,    21.18476,   -51.18967
 149.13860,    42.48239,  -106.65621
 110.15527,    25.81830,   -84.33697
 128.30265,    26.51224,  -101.79041
  85.75454,     5.57532,   -80.17922
 115.26854,     1.58883,  -113.67970
  78.09486,    15.98797,   -62.10689
 162.71154,    29.60627,  -133.10526
 197.13001,    11.40714,  -185.72287
 132.26972,    38.79915,   -93.47057
 158.37742,    24.55683,  -133.82059
 -11.23589,    13.78903,    25.02492
  22.06285,    43.13281,    21.06996
  47.95363,    58.35585,    10.40222
  84.03777,    79.97583,    -4.06194
  78.16804,    77.33118,    -0.83687
  78.49811,    77.77889,    -0.71922
  54.75725,    50.83982,    -3.91743
 102.53913,    69.60035,   -32.93878
-120.04008,    -2.19077,   117.84931
-113.57019,    -3.92545,   109.64473
-107.90226,    -7.58389,   100.31836
 -64.50033,   -21.65327,    42.84705
-113.60402,   -14.49373,    99.11029
  75.83642,    59.44386,   -16.39256
  81.39071,    63.69736,   -17.69335
 104.77941,    50.83964,   -53.93976
 106.69649,    81.00846,   -25.68803
 180.40685,     0.92842,  -179.47843
 198.24177,     0.67019,  -197.57159
 295.38960,     0.10432,  -295.28527
 176.43006,     0.77739,  -175.65267
 206.78756,     0.48305,  -206.30451
 290.30211,     0.10836,  -290.19375
 125.95950,    56.93260,   -69.02690
  55.07798,    57.27067,     2.19269
 251.63169,     0.01353,  -251.61815
 182.52329,    16.79317,  -165.73012
 252.42083,     2.71859,  -249.70224
 227.19980,     7.05530,  -220.14450
  55.49772,    64.32523,     8.82751
  81.55981,    68.44471,   -13.11510
  61.05038,    70.15135,     9.10097
  55.21978,    50.24124,    -4.97854
  71.35510,    47.24427,   -24.11083
 119.85086,    86.30586,   -33.54500
  57.09954,    64.42700,     7.32746
 113.81484,    97.68680,   -16.12803
  31.34722,    48.59838,    17.25116
  48.25150,    58.19421,     9.94271
  82.46405,    70.27058,   -12.19347
  77.44810,    55.87057,   -21.57754
  84.09171,    48.91811,   -35.17359
  33.13579,    20.86002,   -12.27577
 154.22238,     0.06158,  -154.16080
 173.96289,     0.10911,  -173.85378
  59.71405,    69.51293,     9.79888
  55.68544,    67.70133,    12.01589
  52.70146,    64.67018,    11.96872
 129.28342,    78.46448,   -50.81894
 112.75870,    39.50973,   -73.24897
  66.93416,    18.27517,   -48.65899
  65.41496,    17.96929,   -47.44567
  59.68813,    31.23471,   -28.45343
 135.57921,    21.89999,  -113.67922
  72.72592,     3.91773,   -68.80818
 116.60675,     2.31305,  -114.29370
 117.90526,    15.08865,  -102.81662
 109.46057,     6.01675,  -103.44382
 244.85558,     0.48696,  -244.36862
 250.82571,     0.45004,  -250.37567
  75.66392,     3.87204,   -71.79188
 114.66147,     2.30826,  -112.35321
  90.63793,    89.77504,    -0.86289
 149.34173,    54.17563,   -95.16609
  93.20770,     1.61467,   -91.59304
 148.66086,     0.10899,  -148.55187
 167.31223,     1.08546,  -166.22677
 157.31985,     0.09387,  -157.22598
 183.93404,     0.17562,  -183.75842
 151.88175,     0.40874,  -151.47301
 176.35354,     0.19348,  -176.16005
 338.17973,     0.00000,  -338.17973
 375.05136,     0.00000,  -375.05136
 415.55214,     0.00000,  -415.55214
 311.47575,     0.01591,  -311.45984
  -1.44587,    15.23947,    16.68533
  88.31250,    80.19913,    -8.11337
  54.05814,    18.13049,   -35.92765
 145.25996,    40.19283,  -105.06713
 141.62393,    63.63265,   -77.99128
 165.76645,    24.66052,  -141.10592
  -1.44587,    15.23947,    16.68533
  28.14596,    37.22267,     9.07671
  90.51360,     9.38777,   -81.12583
  54.05814,    18.13049,   -35.92765
  82.29638,    19.00066,   -63.29571
  13.88452,     8.22724,    -5.65727
  57.78012,     5.64604,   -52.13408
 242.14293,     4.34885,  -237.79408
 271.70898,     2.43083,  -269.27815
 193.66206,    23.24869,  -170.41337
 134.86505,    26.71429,  -108.15076
  37.37048,    53.63293,    16.26246
 -35.39008,    -5.75893,    29.63115
 111.67264,     8.23946,  -103.43318
  50.96054,    23.97925,   -26.98129
 115.25446,    84.49017,   -30.76429
 103.35139,    80.07614,   -23.27525
 130.64342,    50.09538,   -80.54804
 112.05514,    72.75591,   -39.29924
 114.32058,    52.64533,   -61.67525
 133.71294,    48.13666,   -85.57627
 203.76298,    13.91265,  -189.85033
  46.91505,     5.10849,   -41.80656
 106.83484,    12.16522,   -94.66962
  97.33345,     9.39874,   -87.93472
 146.09785,     9.11078,  -136.98707
 152.47603,     3.84718,  -148.62885
  16.86506,    30.65803,    13.79297
  49.05100,    22.60331,   -26.44769
 114.66147,     2.30826,  -112.35321
 150.24620,    11.23782,  -139.00838
 128.66320,    15.49394,  -113.16926
 145.65508,     5.90534,  -139.74974
 198.30186,     9.03810,  -189.26376
 213.12757,     3.53833,  -209.58925
 213.42940,     3.54893,  -209.88047
 142.60939,    34.33863,  -108.27076
 182.44302,     9.47401,  -172.96902
 311.07342,     0.11938,  -310.95404
 162.71154,    29.60627,  -133.10526
 152.10698,    28.00239,  -124.10459
 153.65046,    41.47529,  -112.17517
 212.51678,     5.75889,  -206.75789
 118.34218,    81.77241,   -36.56977
  79.59472,    69.09673,   -10.49799
  89.60949,    29.69812,   -59.91137
  77.77055,    64.96515,   -12.80540
 120.70447,    35.21058,   -85.49389
 127.45898,    34.36777,   -93.09121
 -46.10845,   -39.52921,     6.57924
  64.74908,    55.84301,    -8.90607
 208.00862,     1.73495,  -206.27367
  86.99764,    51.58258,   -35.41506
 102.89533,    17.84383,   -85.05150
  91.95946,    12.44892,   -79.51054
 103.14663,    35.05306,   -68.09356
  96.69054,    29.04657,   -67.64397
 -92.38151,    -0.82665,    91.55486
 -51.84091,     0.57385,    52.41476
 173.44488,    44.34488,  -129.10000
 385.12443,     0.00377,  -385.12066
 223.52631,     5.99393,  -217.53239
 245.06826,     4.13624,  -240.93202
 529.11605,     0.00000,  -529.11605
  90.40546,    20.47596,   -69.92950
  99.26185,     4.84882,   -94.41303
 104.47331,     4.73231,   -99.74101
  87.37629,     0.73874,   -86.63755
 263.67889,     0.03075,  -263.64814
 259.33590,     0.03301,  -259.30289
  42.51270,    44.10843,     1.59573
  53.37453,    11.13339,   -42.24114
