 -76.86571,   -77.58661,    -0.72090
 -79.89998,   -80.25354,    -0.35356
 -90.62504,   -91.09788,    -0.47284
 -76.86571,   -77.58661,    -0.72090
 -69.89873,   -68.32421,     1.57453
 175.60453,   181.88815,     6.28362
 160.48257,   157.38922,    -3.09334
 110.46962,   113.26631,     2.79669
 149.36949,   154.81566,     5.44616
 439.27952,   397.03578,   -42.24374
 109.86265,   114.93756,     5.07491
-106.31989,  -110.35076,    -4.03086
 163.72977,   159.57869,    -4.15109
 159.76689,   161.01639,     1.24950
 -90.29847,   -92.08393,    -1.78546
 -89.82156,   -91.86054,    -2.03898
 -87.45460,   -90.04066,    -2.58607
-131.32366,  -132.59251,    -1.26886
-132.27182,  -134.97494,    -2.70312
 291.42895,   280.59275,   -10.83620
  22.35223,    19.76002,    -2.59221
 -31.68742,   -34.34678,    -2.65936
  99.57723,   102.13104,     2.55382
 -31.43378,   -34.13505,    -2.70127
-114.35131,  -117.04188,    -2.69058
  42.51333,    41.31378,    -1.19955
  52.69745,    46.91782,    -5.77963
 140.89962,   142.31865,     1.41903
  53.31739,    53.04979,    -0.26760
  39.20076,    39.20181,     0.00105
  24.19746,    23.54994,    -0.64752
   8.89296,     7.05510,    -1.83786
 -31.43315,   -34.13505,    -2.70190
  33.57613,    33.72646,     0.15033
  18.34567,    16.96708,    -1.37860
   3.00164,    -0.32110,    -3.32274
  -2.11847,    -6.60123,    -4.48276
  -3.43086,    -8.28670,    -4.85584
  34.62840,    31.60626,    -3.02214
  23.84035,    19.84874,    -3.99162
  55.95852,    55.62820,    -0.33032
  67.50722,    63.88511,    -3.62211
  55.86352,    52.41787,    -3.44566
  50.91346,    47.22349,    -3.68997
  72.24044,    69.87137,    -2.36907
 158.73803,   149.98218,    -8.75584
  31.89064,    34.04353,     2.15289
  21.86035,    23.87061,     2.01026
  19.66407,    20.07227,     0.40820
  18.34881,    19.09560,     0.74679
   6.33057,     4.75858,    -1.57199
  15.22364,    16.26709,     1.04346
  14.79128,    15.41453,     0.62324
  18.36047,    21.53802,     3.17755
  15.28567,    15.86873,     0.58306
  15.79646,    16.04554,     0.24908
  29.57291,    28.76514,    -0.80777
  96.53791,    95.41989,    -1.11802
 122.64705,   120.98256,    -1.66449
  46.17425,    44.26632,    -1.90793
  50.59120,    52.24131,     1.65011
  30.07042,    28.33327,    -1.73716
  37.64311,    38.77144,     1.12833
  37.75105,    38.44163,     0.69058
  33.57927,    33.72646,     0.14719
   8.91681,     7.05604,    -1.86077
 -72.01842,   -75.54590,    -3.52748
-114.35131,  -117.04188,    -2.69058
  18.31806,    16.96708,    -1.35099
 -65.53579,   -67.42724,    -1.89144
 -83.58987,   -87.68065,    -4.09079
   3.00164,    -0.32110,    -3.32274
 -36.62982,   -40.73760,    -4.10778
 -41.81268,   -45.69465,    -3.88197
  56.54323,    57.21091,     0.66769
 -62.44591,   -62.37756,     0.06835
 -15.43757,   -20.34980,    -4.91223
 -20.59282,   -25.77715,    -5.18433
 -43.39762,   -51.40208,    -8.00446
 -52.23007,   -51.65387,     0.57620
 -64.29349,   -63.54667,     0.74682
-106.51970,  -105.06546,     1.45424
  39.57575,    39.99337,     0.41762
 -78.80679,   -78.76124,     0.04555
  34.65789,    31.60456,    -3.05333
  -9.40943,   -10.64532,    -1.23588
 -48.62046,   -49.67311,    -1.05265
  36.71460,    36.15070,    -0.56390
  23.84035,    19.84874,    -3.99162
   6.41666,     3.74904,    -2.66762
  58.18888,    55.11343,    -3.07545
  54.14253,    53.60436,    -0.53817
  58.56019,    56.20077,    -2.35943
 148.74936,   129.55609,   -19.19326
 148.90565,   129.78808,   -19.11758
  -8.08869,   -10.58914,    -2.50045
  26.62236,    25.38114,    -1.24122
   8.25452,     8.82212,     0.56760
 -25.79273,   -27.90134,    -2.10861
 -37.14438,   -38.82637,    -1.68199
  18.21648,    18.50459,     0.28811
  33.46017,    32.83251,    -0.62766
  11.41599,    12.75013,     1.33414
 -39.06545,   -40.36793,    -1.30248
 -39.04098,   -40.36795,    -1.32697
   4.67564,     6.53517,     1.85953
  28.79166,    27.86837,    -0.92329
  26.68933,    25.96028,    -0.72905
  54.81873,    53.66273,    -1.15599
  23.46635,    20.20438,    -3.26197
  24.29278,    23.64789,    -0.64490
  43.97467,    42.41107,    -1.56360
 124.98902,   127.53545,     2.54644
 201.25567,   191.23793,   -10.01774
  48.52329,    50.42166,     1.89837
  71.40354,    72.96546,     1.56193
  63.51791,    65.64202,     2.12411
  36.53491,    41.42508,     4.89017
  27.24195,    31.94394,     4.70199
  63.12859,    74.93251,    11.80392
  63.02256,    67.09004,     4.06748
  61.49691,    67.16628,     5.66937
  60.32535,    66.57863,     6.25328
  61.15412,    67.93977,     6.78565
  68.89399,    72.20118,     3.30719
  55.14123,    58.49410,     3.35287
  56.52255,    57.80402,     1.28147
  60.30115,    61.69573,     1.39458
  91.75777,    95.22854,     3.47077
 175.26413,   168.87629,    -6.38784
 119.71699,   125.60224,     5.88526
  48.25934,    61.62155,    13.36221
  82.46343,    88.48533,     6.02190
  77.46316,    85.21419,     7.75102
  83.51377,    86.18941,     2.67564
  79.01740,    83.51736,     4.49996
 154.19414,   162.04762,     7.85348
 157.22286,   163.64911,     6.42625
 157.69009,   164.46111,     6.77102
 173.14274,   166.79365,    -6.34908
 142.48731,   139.56330,    -2.92402
 114.82355,   114.60287,    -0.22069
  97.61097,   101.38401,     3.77305
 392.57560,   365.87658,   -26.69902
 377.53687,   353.08508,   -24.45178
  80.62814,    80.45758,    -0.17056
 347.60390,   325.04055,   -22.56336
 114.82355,   114.60287,    -0.22069
 101.66308,   107.12761,     5.46453
 145.20592,   150.05392,     4.84799
 166.86584,   167.92667,     1.06083
 206.23399,   199.36337,    -6.87062
  89.90426,    96.04040,     6.13614
  88.06785,    92.01522,     3.94737
  68.57788,    71.34926,     2.77137
  69.71246,    76.28970,     6.57724
 -22.42067,   -26.26531,    -3.84464
 -22.42067,   -26.26531,    -3.84464
 -97.44181,   -96.55014,     0.89167
 -64.16514,   -61.57372,     2.59142
 -83.56187,   -82.78196,     0.77990
  51.41570,    50.74427,    -0.67144
  95.06185,    93.31655,    -1.74529
  66.30346,    66.16632,    -0.13715
 -26.29152,   -26.67852,    -0.38700
-289.80879,  -265.15514,    24.65365
-288.97408,  -261.32257,    27.65152
-313.23592,  -287.77114,    25.46477
 101.47834,   104.97273,     3.49439
 101.09179,   104.16984,     3.07804
 -24.21530,   -22.61017,     1.60513
 120.96930,   124.46082,     3.49152
 122.53933,   125.97603,     3.43671
 136.78809,   138.16587,     1.37778
 285.09205,   270.19971,   -14.89234
 284.09368,   269.52014,   -14.57353
   2.96774,     7.25414,     4.28641
  29.99977,    31.83689,     1.83712
 -48.62929,   -39.05969,     9.56960
  -3.79967,     1.59757,     5.39723
-106.49925,  -110.62885,    -4.12959
-223.77280,  -213.57954,    10.19326
-137.35154,  -136.31949,     1.03204
-121.69382,  -129.24049,    -7.54666
 -90.92278,   -87.22356,     3.69922
-301.15710,  -277.51688,    23.64023
-104.08108,  -104.71096,    -0.62987
  24.19942,    34.18950,     9.99009
  66.75620,    72.54064,     5.78444
 -70.04995,   -75.13580,    -5.08585
 -70.08572,   -75.62086,    -5.53514
 -72.35508,   -75.18502,    -2.82994
 -70.22064,   -75.49726,    -5.27662
 -71.31233,   -75.33637,    -4.02404
 -71.33931,   -75.17875,    -3.83944
-148.88163,  -153.70188,    -4.82025
-151.64546,  -150.29653,     1.34894
  39.35947,    18.90349,   -20.45598
  82.06193,    59.72331,   -22.33863
  88.95763,    64.16723,   -24.79040
  27.50370,   -18.19669,   -45.70039
 -82.79042,   -77.65676,     5.13366
 -74.84240,   -71.73732,     3.10508
  41.34467,    45.25227,     3.90760
 -50.17447,   -48.95233,     1.22214
-163.32106,  -156.15438,     7.16668
-155.04109,  -146.30065,     8.74044
 -57.00792,   -47.43890,     9.56902
 -97.57257,   -91.09645,     6.47613
 -74.98645,   -71.06328,     3.92317
 -46.62273,   -36.50913,    10.11360
 -90.06102,   -84.29614,     5.76488
 -67.25527,   -64.26556,     2.98970
 -55.54834,   -44.78951,    10.75883
 -96.61750,   -90.04961,     6.56789
 -77.55861,   -74.84411,     2.71450
-141.44923,  -133.79518,     7.65406
-150.69648,  -142.92370,     7.77278
 -30.20819,   -26.66817,     3.54002
-160.38334,  -148.04927,    12.33407
-126.50202,  -115.75235,    10.74967
 -50.57364,   -42.68826,     7.88538
  79.42332,    85.31352,     5.89020
 136.34483,   136.84597,     0.50115
 210.56636,   204.27934,    -6.28702
 141.18336,   140.30609,    -0.87727
   6.60504,    10.03501,     3.42997
  12.86759,    17.67759,     4.81000
  61.88739,    67.95605,     6.06866
  45.92374,    53.65121,     7.72748
 102.47248,   114.14260,    11.67012
  38.21584,    42.27738,     4.06154
  42.71760,    46.60297,     3.88537
  48.66199,    51.30129,     2.63930
 103.89520,   109.77891,     5.88371
  44.63939,    46.96075,     2.32136
-115.27911,  -120.46027,    -5.18117
 -53.22171,   -56.75587,    -3.53416
 -54.33725,   -57.77981,    -3.44256
-179.99697,  -184.57191,    -4.57494
-204.70145,  -186.35190,    18.34956
-180.84087,  -159.58426,    21.25661
-243.08520,  -216.76645,    26.31875
 -82.40289,   -79.43263,     2.97026
 -54.10266,   -52.93823,     1.16443
  94.79876,   111.79215,    16.99339
 124.92825,   133.95017,     9.02193
  91.07849,   100.92442,     9.84593
  81.92753,    92.09177,    10.16425
  87.37629,    90.56219,     3.18590
  99.27000,   103.30215,     4.03215
 104.46704,   111.35330,     6.88626
  82.84937,    87.23407,     4.38470
 -83.52175,   -75.46376,     8.05799
  63.59932,    75.28939,    11.69008
 147.62432,   159.43704,    11.81272
 345.06808,   313.49345,   -31.57463
-107.49107,  -109.84385,    -2.35278
 -32.42161,   -33.74813,    -1.32652
 -41.80968,   -43.60736,    -1.79768
 -79.33964,   -84.77565,    -5.43601
 118.37964,   111.35808,    -7.02156
  67.06406,    65.07189,    -1.99217
 -51.02015,   -51.53308,    -0.51293
 -68.03223,   -67.96296,     0.06927
 -79.89998,   -80.25354,    -0.35356
 -62.51307,   -62.60688,    -0.09381
 -70.13507,   -72.39498,    -2.25992
  55.98790,    60.08454,     4.09663
  52.86264,    58.40988,     5.54725
  74.52874,    75.18013,     0.65139
 223.76273,   213.66252,   -10.10020
 184.94236,   180.37988,    -4.56248
 101.98992,   111.44491,     9.45499
 109.73411,   119.43263,     9.69852
 236.75868,   237.26856,     0.50988
  81.84228,    88.33134,     6.48906
  55.22779,    63.39573,     8.16794
 118.61392,   124.67945,     6.06553
 138.96109,   141.81788,     2.85679
 122.97617,   126.70298,     3.72681
 194.91063,   194.03632,    -0.87431
 157.14661,   155.07941,    -2.06720
 184.16896,   181.56437,    -2.60459
 149.37311,   150.44228,     1.06916
  32.25809,    23.52922,    -8.72886
  81.34001,    79.62168,    -1.71832
  79.73081,    79.45697,    -0.27384
  75.10606,    75.52240,     0.41634
 171.03105,   170.99982,    -0.03123
 149.13420,   153.30836,     4.17416
 148.38845,   152.82194,     4.43349
 304.89183,   299.45917,    -5.43266
 210.45647,   213.70124,     3.24477
 560.18768,   460.25334,   -99.93434
  80.08814,    89.37174,     9.28360
  87.82953,    95.10188,     7.27235
 158.99775,   161.02460,     2.02685
 127.71267,   125.30376,    -2.40891
  99.36789,    99.95164,     0.58376
  83.33422,    86.28833,     2.95411
  68.76338,    81.77114,    13.00776
 141.45837,   143.52067,     2.06230
 132.07479,   137.59127,     5.51648
 132.07479,   137.59127,     5.51648
 325.58539,   308.25556,   -17.32984
 143.85764,   144.57542,     0.71778
 171.32507,   174.16306,     2.83799
  73.19642,    78.96185,     5.76543
 218.78212,   219.16233,     0.38021
 217.86910,   217.18708,    -0.68202
 194.61916,   193.41265,    -1.20652
  34.19198,    35.52543,     1.33345
 123.79843,   123.18003,    -0.61840
 219.66720,   223.15310,     3.48590
 -83.53424,   -85.43084,    -1.89660
 -86.00223,   -87.36668,    -1.36445
 -83.65849,   -87.07639,    -3.41791
 -80.20028,   -82.67695,    -2.47666
 -83.60076,   -85.51729,    -1.91654
 -84.27909,   -86.15802,    -1.87893
 -91.28101,   -92.83072,    -1.54971
 -26.74687,   -26.70703,     0.03984
 -52.87428,   -57.27879,    -4.40451
  -6.91750,    -6.06070,     0.85680
  45.23756,    44.04106,    -1.19650
   3.34103,     9.93996,     6.59893
 -33.03976,   -31.11370,     1.92607
 -44.63542,   -44.51429,     0.12113
  62.73992,    67.00798,     4.26806
 222.48583,   223.36232,     0.87649
 109.86265,   114.93719,     5.07454
 152.36677,   154.07315,     1.70639
 167.40332,   167.01215,    -0.39118
  92.30090,    96.94014,     4.63923
 113.73341,   123.35491,     9.62150
 121.49902,   130.89065,     9.39163
 117.36158,   128.10695,    10.74537
 131.58076,   138.08238,     6.50162
 198.54596,   201.97040,     3.42444
 265.69314,   264.07844,    -1.61470
 122.33218,   134.01980,    11.68762
 118.60577,   133.11810,    14.51233
 157.11566,   163.08263,     5.96697
 131.79331,   140.17605,     8.38274
 144.57434,   151.80266,     7.22832
  85.93591,   104.31827,    18.38237
 115.33194,   128.58474,    13.25280
 139.50045,   141.39184,     1.89139
 233.65284,   219.95637,   -13.69647
 162.01260,   153.01122,    -9.00138
 209.14811,   204.70696,    -4.44115
  99.89447,    97.96591,    -1.92856
 180.40685,   184.66443,     4.25758
 216.18604,   217.94389,     1.75785
 176.43006,   182.78817,     6.35811
 210.04810,   215.22661,     5.17851
 137.22351,   143.65107,     6.42756
 105.51920,   114.04830,     8.52910
 110.55668,   121.45653,    10.89985
 104.04788,   116.90083,    12.85294
 131.75933,   140.18973,     8.43040
 129.12944,   136.95253,     7.82309
 207.45610,   212.60501,     5.14890
 249.09449,   243.30338,    -5.79111
  72.37443,    84.04006,    11.66564
 149.13860,   154.55091,     5.41231
 110.15527,   117.83609,     7.68082
 128.30265,   135.86206,     7.55941
  85.75454,   103.10107,    17.34653
 115.26854,   128.35535,    13.08681
  78.09486,    82.47330,     4.37845
 162.71154,   159.19830,    -3.51324
 197.13001,   190.52026,    -6.60975
 132.26972,   133.03046,     0.76074
 158.37742,   155.31916,    -3.05827
 -11.23589,    -5.23447,     6.00142
  22.06285,    28.11258,     6.04973
  47.95363,    50.98861,     3.03497
  84.03777,    82.57443,    -1.46334
  78.16804,    78.90170,     0.73366
  78.49811,    78.31839,    -0.17972
  54.75725,    61.57767,     6.82042
 102.53913,   104.84584,     2.30670
-120.04008,  -128.83044,    -8.79037
-113.57019,  -122.78198,    -9.21179
-107.90226,  -114.23477,    -6.33251
 -64.50033,   -75.06236,   -10.56204
-113.60402,  -118.83095,    -5.22693
  75.83642,    79.35892,     3.52249
  81.39071,    83.39468,     2.00398
 104.77941,   105.90143,     1.12202
 106.69649,   111.10882,     4.41234
 180.40685,   184.66443,     4.25758
 198.24177,   199.58043,     1.33865
 295.38960,   283.70781,   -11.68179
 176.43006,   182.78817,     6.35811
 206.78756,   210.62247,     3.83491
 290.30211,   282.25290,    -8.04921
 125.95950,   129.81865,     3.85915
  55.07798,    55.88801,     0.81003
 251.63169,   251.34258,    -0.28911
 182.52329,   179.55046,    -2.97283
 252.42083,   241.07020,   -11.35063
 227.19980,   220.72333,    -6.47647
  55.49772,    57.40697,     1.90925
  81.55981,    81.56772,     0.00791
  61.05038,    60.03698,    -1.01340
  55.21978,    63.35915,     8.13937
  71.35510,    76.64868,     5.29358
 119.85086,   120.01821,     0.16735
  57.09954,    58.83126,     1.73173
 113.81484,   115.75425,     1.93941
  31.34722,    32.84405,     1.49683
  48.25150,    50.81431,     2.56280
  82.46405,    88.48490,     6.02085
  77.44810,    85.21415,     7.76605
  84.09171,    87.51277,     3.42106
  33.13579,    41.82743,     8.69164
 154.22238,   162.04806,     7.82568
 173.96289,   166.93326,    -7.02963
  59.71405,    61.79086,     2.07681
  55.68544,    57.90842,     2.22299
  52.70146,    56.21251,     3.51105
 129.28342,   130.45963,     1.17621
 112.75870,   116.07460,     3.31590
  66.93416,    71.66052,     4.72636
  65.41496,    70.29570,     4.88074
  59.68813,    67.66773,     7.97960
 135.57921,   141.07293,     5.49373
  72.72592,    79.53370,     6.80778
 116.60675,   117.31397,     0.70722
 117.90526,   124.98830,     7.08304
 109.46057,   113.85342,     4.39285
 244.85558,   245.05776,     0.20218
 250.82571,   246.49549,    -4.33022
  75.66392,    86.70279,    11.03887
 114.66147,   117.61047,     2.94900
  90.63793,    91.60935,     0.97142
 149.34173,   149.35435,     0.01263
  93.20770,   103.03690,     9.82919
 148.66086,   158.35604,     9.69518
 167.31223,   177.90629,    10.59406
 157.31985,   161.49587,     4.17602
 183.93404,   187.89227,     3.95822
 151.88175,   161.64055,     9.75881
 176.35354,   178.96334,     2.60980
 338.17973,   295.80625,   -42.37348
 375.05136,   338.91965,   -36.13171
 415.55214,   318.69259,   -96.85955
 311.47575,   308.48047,    -2.99528
  -1.44587,    -0.34634,     1.09953
  88.31250,    90.84052,     2.52802
  54.05814,    56.95117,     2.89303
 145.25996,   141.46930,    -3.79066
 141.62393,   138.61757,    -3.00635
 165.76645,   158.94101,    -6.82543
  -1.44587,    -0.34634,     1.09953
  28.14596,    27.67667,    -0.46929
  90.51360,   100.26260,     9.74900
  54.05814,    56.95117,     2.89303
  82.29638,    87.30749,     5.01111
  13.88452,    24.64942,    10.76490
  57.78012,    67.50383,     9.72371
 242.14293,   240.57840,    -1.56453
 271.70898,   269.27180,    -2.43718
 193.66206,   188.35832,    -5.30375
 134.86505,   141.40843,     6.54338
  37.37048,    38.05912,     0.68864
 -35.39008,   -30.18162,     5.20846
 111.67264,   119.48778,     7.81514
  50.96054,    57.76209,     6.80155
 115.25446,   111.92875,    -3.32571
 103.35139,   100.50811,    -2.84328
 130.64342,   136.50365,     5.86023
 112.05514,   117.96580,     5.91065
 114.32058,   117.22953,     2.90896
 133.71294,   136.69890,     2.98597
 203.76298,   201.40091,    -2.36207
  46.91505,    51.80967,     4.89462
 106.83484,   114.29544,     7.46060
  97.33345,   104.88635,     7.55290
 146.09785,   149.65889,     3.56104
 152.47603,   153.52998,     1.05395
  16.86506,    22.58123,     5.71616
  49.05100,    51.50814,     2.45714
 114.66147,   117.61047,     2.94900
 150.24620,   152.97600,     2.72980
 128.66320,   136.55581,     7.89261
 145.65508,   148.88154,     3.22646
 198.30186,   204.98477,     6.68291
 213.12757,   213.09840,    -0.02918
 213.42940,   212.49183,    -0.93757
 142.60939,   148.07024,     5.46085
 182.44302,   185.61053,     3.16751
 311.07342,   295.36829,   -15.70512
 162.71154,   159.19830,    -3.51324
 152.10698,   153.23901,     1.13203
 153.65046,   153.77528,     0.12483
 212.51678,   212.16961,    -0.34717
 118.34218,   122.30320,     3.96102
  79.59472,    86.50792,     6.91320
  89.60949,    91.33070,     1.72121
  77.77055,    83.46017,     5.68962
 120.70447,   121.75976,     1.05529
 127.45898,   129.54542,     2.08644
 -46.10845,   -46.07995,     0.02849
  64.74908,    71.23498,     6.48590
 208.00862,   215.62422,     7.61560
  86.99764,    95.57929,     8.58165
 102.89533,   109.83593,     6.94059
  91.95946,   100.68015,     8.72069
 103.14663,   114.89605,    11.74942
  96.69054,   109.10887,    12.41832
 -92.38151,   -75.01383,    17.36768
 -51.84091,   -44.72946,     7.11145
 173.44488,   171.33717,    -2.10772
 385.12443,   353.84608,   -31.27835
 223.52631,   219.39458,    -4.13173
 245.06826,   237.32151,    -7.74675
 529.11605,   443.75333,   -85.36272
  90.40546,    97.38312,     6.97766
  99.26185,   103.30209,     4.04024
 104.47331,   111.35377,     6.88045
  87.37629,    90.56147,     3.18518
 263.67889,   251.79188,   -11.88702
 259.33590,   252.31955,    -7.01635
  42.51270,    41.31422,    -1.19848
  53.37453,    49.54998,    -3.82455
